<?xml version="1.0"?>
<opencv_storage>
<calibration_time>"2016년 11월 10일 (목) 오후 07시 25분 25초"</calibration_time>
<nr_of_frames>25</nr_of_frames>
<image_width>640</image_width>
<image_height>480</image_height>
<board_width>7</board_width>
<board_height>6</board_height>
<square_size>9.7199996948242188e+01</square_size>
<fix_aspect_ratio>1.</fix_aspect_ratio>
<!-- flags: +fix_skew +fix_k2 +fix_k3 +fix_k4 +recompute_extrinsic -->
<flags>234</flags>
<fisheye_model>1</fisheye_model>
<camera_matrix type_id="opencv-matrix">
  <rows>3</rows>
  <cols>3</cols>
  <dt>d</dt>
  <data>
    2.1583558051071324e+02 0. 3.2496245911345346e+02 0.
    2.1966260635232618e+02 2.2553402960122878e+02 0. 0. 1.</data></camera_matrix>
<distortion_coefficients type_id="opencv-matrix">
  <rows>4</rows>
  <cols>1</cols>
  <dt>d</dt>
  <data>
    -2.0377460729323636e-02 0. 0. 0.</data></distortion_coefficients>
<avg_reprojection_error>3.3719097303581954e+01</avg_reprojection_error>
<image_points type_id="opencv-matrix">
  <rows>25</rows>
  <cols>42</cols>
  <dt>"2f"</dt>
  <data>
    3.50400177e+02 2.94362976e+02 3.12781708e+02 2.94502350e+02
    2.75972992e+02 2.93640198e+02 2.42038437e+02 2.91275848e+02
    2.11760452e+02 2.87704803e+02 1.85556076e+02 2.83681396e+02
    1.63460983e+02 2.79606903e+02 3.50976776e+02 2.56451324e+02
    3.11481567e+02 2.56512695e+02 2.73306244e+02 2.56270050e+02
    2.38164917e+02 2.54688995e+02 2.07352951e+02 2.52678101e+02
    1.80877319e+02 2.50408051e+02 1.58590134e+02 2.47932877e+02
    3.51111908e+02 2.14453995e+02 3.10645233e+02 2.14672546e+02
    2.71542572e+02 2.15256638e+02 2.35707550e+02 2.15258789e+02
    2.04573563e+02 2.15032257e+02 1.78138458e+02 2.14562836e+02
    1.56079514e+02 2.14324921e+02 3.50708832e+02 1.71427887e+02
    3.10388733e+02 1.71485947e+02 2.71336273e+02 1.72595581e+02
    2.35345367e+02 1.74437668e+02 2.04298035e+02 1.76146957e+02
    1.77591095e+02 1.78112610e+02 1.55535522e+02 1.80015701e+02
    3.50294159e+02 1.29532501e+02 3.10590302e+02 1.30278763e+02
    2.72169525e+02 1.31445557e+02 2.36741760e+02 1.34628006e+02
    2.05977524e+02 1.38329514e+02 1.79418396e+02 1.42409622e+02
    1.57281326e+02 1.46346603e+02 3.49361145e+02 9.25338974e+01
    3.11499939e+02 9.27690125e+01 2.74572998e+02 9.48164749e+01
    2.40572647e+02 9.86752625e+01 2.10077164e+02 1.03593315e+02
    1.84161392e+02 1.09312019e+02 1.61799698e+02 1.14828758e+02
    3.49799957e+02 3.03716827e+02 3.08318054e+02 2.99684296e+02
    2.67078705e+02 2.93532257e+02 2.28914001e+02 2.85837433e+02
    1.95560226e+02 2.77132935e+02 1.67329803e+02 2.68466919e+02
    1.43707932e+02 2.60206573e+02 3.56753876e+02 2.63197266e+02
    3.12823639e+02 2.58372803e+02 2.69417297e+02 2.52111145e+02
    2.29493271e+02 2.45230957e+02 1.94656219e+02 2.38015564e+02
    1.65887817e+02 2.31179504e+02 1.42473251e+02 2.24815887e+02
    3.63529022e+02 2.17224899e+02 3.18406616e+02 2.11616104e+02
    2.73475067e+02 2.05853394e+02 2.32120773e+02 2.00298996e+02
    1.96797501e+02 1.95347946e+02 1.67614670e+02 1.91012802e+02
    1.43683838e+02 1.87417816e+02 3.69534271e+02 1.69487534e+02
    3.24467651e+02 1.63238678e+02 2.79537598e+02 1.58010544e+02
    2.37906372e+02 1.54182770e+02 2.02293411e+02 1.51687302e+02
    1.72447357e+02 1.50223907e+02 1.48440536e+02 1.49448196e+02
    3.74913208e+02 1.23629753e+02 3.30729767e+02 1.17061920e+02
    2.86686951e+02 1.12287582e+02 2.45892014e+02 1.10274460e+02
    2.10293549e+02 1.10018471e+02 1.80306473e+02 1.11011803e+02
    1.55564911e+02 1.12661728e+02 3.77906982e+02 8.34864578e+01
    3.36560150e+02 7.70958176e+01 2.94822174e+02 7.31144791e+01
    2.55717682e+02 7.19864120e+01 2.20721298e+02 7.30328140e+01
    1.90967270e+02 7.59809036e+01 1.65921371e+02 7.94862289e+01
    3.87240265e+02 2.53593460e+02 3.48238281e+02 2.48524765e+02
    3.02993286e+02 2.45094498e+02 2.65872223e+02 2.39354797e+02
    2.29642075e+02 2.33728470e+02 2.00994843e+02 2.28272537e+02
    1.74213470e+02 2.22899933e+02 3.93810059e+02 2.12153000e+02
    3.48514557e+02 2.07650955e+02 3.05515686e+02 2.02634308e+02
    2.62517426e+02 1.98428543e+02 2.27350037e+02 1.94505386e+02
    1.96162186e+02 1.91192963e+02 1.71397491e+02 1.88338425e+02
    3.97804535e+02 1.66166870e+02 3.53972382e+02 1.60022537e+02
    3.05364105e+02 1.56362930e+02 2.63490875e+02 1.53479324e+02
    2.25361481e+02 1.51788773e+02 1.95121170e+02 1.51056656e+02
    1.69242935e+02 1.51131149e+02 4.02262726e+02 1.19506241e+02
    3.55753448e+02 1.12656113e+02 3.09302765e+02 1.09141045e+02
    2.65254395e+02 1.07425583e+02 2.28264130e+02 1.08316490e+02
    1.96091537e+02 1.10506706e+02 1.70785034e+02 1.13434830e+02
    4.05108826e+02 7.42001038e+01 3.59824158e+02 6.74044037e+01
    3.13219971e+02 6.37791367e+01 2.70649384e+02 6.40580521e+01
    2.32451233e+02 6.71082077e+01 2.00810699e+02 7.15842438e+01
    1.74881058e+02 7.69363632e+01 4.06515961e+02 3.52837563e+01
    3.62637115e+02 2.89450626e+01 3.19115906e+02 2.56593285e+01
    2.77299194e+02 2.69769382e+01 2.40337616e+02 3.08136616e+01
    2.08563736e+02 3.71851234e+01 1.82245148e+02 4.41914902e+01
    3.12901245e+02 2.16911514e+02 2.84297424e+02 2.20519485e+02
    2.53582932e+02 2.23939148e+02 2.22869217e+02 2.27475815e+02
    1.92489044e+02 2.30347473e+02 1.63891785e+02 2.33376099e+02
    1.37801590e+02 2.35573410e+02 3.18273529e+02 1.89888626e+02
    2.86931030e+02 1.91801010e+02 2.53817703e+02 1.94812943e+02
    2.19884415e+02 1.97705338e+02 1.86927505e+02 2.00882996e+02
    1.56051025e+02 2.03875961e+02 1.28872147e+02 2.07376923e+02
    3.24031586e+02 1.58409531e+02 2.90894073e+02 1.59374084e+02
    2.55093826e+02 1.60662216e+02 2.18365692e+02 1.63266190e+02
    1.82455215e+02 1.66135040e+02 1.49714279e+02 1.70179962e+02
    1.20525284e+02 1.73991470e+02 3.30719360e+02 1.23531952e+02
    2.95949371e+02 1.22221802e+02 2.57846069e+02 1.22043419e+02
    2.18316727e+02 1.23493851e+02 1.80315475e+02 1.26825310e+02
    1.45122253e+02 1.31373230e+02 1.15072548e+02 1.37222290e+02
    3.39033569e+02 8.67611618e+01 3.02659912e+02 8.27301865e+01
    2.62988983e+02 8.06527481e+01 2.21412308e+02 8.10394669e+01
    1.80950775e+02 8.41811829e+01 1.44424149e+02 8.98710098e+01
    1.12629768e+02 9.72164993e+01 3.46323761e+02 4.97392769e+01
    3.09810699e+02 4.33324623e+01 2.69507812e+02 3.91598778e+01
    2.27205811e+02 3.84393349e+01 1.85819336e+02 4.13702888e+01
    1.48209015e+02 4.77629204e+01 1.15663338e+02 5.65859451e+01
    3.47470947e+02 2.54400070e+02 3.19468292e+02 2.62603943e+02
    2.89619110e+02 2.70602295e+02 2.58532928e+02 2.77950897e+02
    2.27509628e+02 2.84235474e+02 1.97748352e+02 2.89789948e+02
    1.70374176e+02 2.94035217e+02 3.48509827e+02 2.26013275e+02
    3.18405518e+02 2.33041901e+02 2.85725677e+02 2.40714844e+02
    2.51954865e+02 2.48175125e+02 2.18278687e+02 2.54898682e+02
    1.86279922e+02 2.60716827e+02 1.57322647e+02 2.65769775e+02
    3.48853455e+02 1.93312302e+02 3.17313385e+02 1.99072357e+02
    2.82011200e+02 2.05727493e+02 2.45421143e+02 2.12834610e+02
    2.08899277e+02 2.19756073e+02 1.74803162e+02 2.26511276e+02
    1.44454590e+02 2.32443329e+02 3.49505066e+02 1.56525772e+02
    3.15723907e+02 1.60589630e+02 2.78567871e+02 1.65589218e+02
    2.39372696e+02 1.72023712e+02 2.00633652e+02 1.79212357e+02
    1.64585007e+02 1.86841019e+02 1.33074188e+02 1.94187805e+02
    3.50646545e+02 1.17608337e+02 3.15399292e+02 1.18981171e+02
    2.76493530e+02 1.22264099e+02 2.34847534e+02 1.27635544e+02
    1.94255447e+02 1.34708572e+02 1.56881195e+02 1.43356567e+02
    1.24433525e+02 1.52765869e+02 3.49802826e+02 7.86950607e+01
    3.14368561e+02 7.74285278e+01 2.74508850e+02 7.84859314e+01
    2.32478271e+02 8.23734665e+01 1.91445526e+02 8.93846283e+01
    1.53373444e+02 9.87458115e+01 1.20461823e+02 1.09804611e+02
    3.74969269e+02 3.07507446e+02 3.46721710e+02 3.14559418e+02
    3.16665497e+02 3.21077148e+02 2.84640839e+02 3.25700684e+02
    2.52657547e+02 3.29309906e+02 2.21688995e+02 3.31259064e+02
