<?xml version="1.0"?>
<opencv_storage>
<H_LtoC type_id="opencv-matrix">
  <rows>3</rows>
  <cols>3</cols>
  <dt>d</dt>
  <data>
    -8.7438469479172110e-001 -1.4588360669288980e+000
    5.5984834111953944e+002 4.4490689325950922e-001
    -3.4274080456195852e+000 5.0312266663781810e+002
    -1.4948413239949753e-004 -6.2414483110081369e-003 1.</data></H_LtoC>
<H_RtoC type_id="opencv-matrix">
  <rows>3</rows>
  <cols>3</cols>
  <dt>d</dt>
  <data>
    -8.5123858518816109e-001 -2.4494923186648143e+000
    6.0721082784130238e+002 -5.8589773933220302e-001
    -3.2864942587943302e+000 8.3040532220622492e+002
    -9.3064355229670727e-005 -6.0664573383836387e-003 1.</data></H_RtoC>
</opencv_storage>
